0
1
2	7	13
2	7	16
2	7	17
2	7	18
2	7	20
2	7	23
2	7	36
2	7	37
2	7	41
2	7	45
2	7	70
2	7	79
2	7	80
2	7	138
2	9	16
2	9	20
2	10	16
2	10	17
2	10	18
2	10	20
2	10	23
2	10	36
2	10	37
2	10	41
2	10	45
2	10	70
2	10	79
2	10	80
2	10	138
7	13	20
7	13	23
7	13	36
7	13	41
7	13	45
7	13	70
7	13	79
7	14	20
7	16	35
7	16	74
7	20	35
7	20	74
9	20	35
9	20	74
10	16	35
10	16	74
10	20	35
10	20	74
2	9	17	36
2	9	18	36
2	9	23	36
2	9	36	45
2	9	36	70
2	9	36	79
2	9	36	80
3	9	16	35
3	9	16	74
3	9	20	35
3	9	20	74
3	10	16	35
3	10	16	74
3	10	20	35
3	10	20	74
